100 1575
8099 1262
3860 2031
7619 5759
2751 8042
3041 7742
7215 4024
5904 26
4445 9062
4700 7893
2453 8707
2164 7403
990 6475
7138 6605
6978 7852
8989 9491
3651 2911
5042 5035
5147 6114
4000 6175
750 4417
818 6054
5513 7256
1004 1393
6477 4504
4806 5322
6200 1012
4270 4515
7824 8808
8617 7985
8393 562
5931 7359
9641 393
1601 1004
7966 639
6511 6826
7821 5658
432 1100
5222 6263
8581 3163
610 890
1830 8328
2770 2089
3529 3848
8039 9425
8396 5282
1514 2394
1470 3105
9481 9443
7575 1910
4782 1681
4269 7036
9339 2388
3752 5973
565 5906
1695 4387
851 2008
3462 9109
1893 4340
697 2931
8025 4026
3732 8544
5329 2041
7807 1483
5696 6428
3544 4404
7590 2968
4669 7537
7711 387
8428 2674
294 3705
6688 522
3240 1803
8172 3767
2830 7821
4810 697
1204 3470
7668 6724
3356 848
424 3655
2839 7870
870 9040
7917 5885
3388 466
2374 592
7891 2111
7695 9833
3183 3434
5846 4374
5212 2310
4375 247
3188 7487
8030 3771
9024 7684
3647 2818
8085 7187
7496 447
1695 281
6823 9475
4386 9366
9796 9095
