500 2707
4097 583
7122 4083
1391 8771
3978 4614
8652 4851
6988 1428
5048 5986
6100 2405
8188 8783
4609 2834
6052 8284
994 8941
6493 4896
435 9902
9188 3477
7144 3811
7351 1308
1058 5575
9072 4148
5028 7194
616 2113
1069 3413
6533 9587
6783 8195
3911 5877
5538 9997
630 5852
6502 6315
9952 2257
3121 458
6289 3948
1146 6037
9499 6746
9785 7124
7558 6139
2093 4545
9928 3549
3173 1303
6501 381
7305 2559
9430 6574
7576 8182
7708 2878
4118 8301
6838 8558
9541 4855
8429 8771
2660 4589
7073 8308
4103 1478
4338 940
9899 9046
2222 6075
1639 5541
919 6944
4304 7444
8231 7050
5350 9276
477 4074
1145 168
7237 2984
9363 179
4779 2540
8405 1803
5512 1935
7466 4667
3308 6779
3326 3854
7037 6141
2461 4853
7157 4887
9577 580
2705 8010
6144 8449
8536 6181
5044 7964
5143 4247
9910 1793
5912 6879
255 5800
9159 8100
5988 6000
4769 3911
7413 2908
7820 9726
9291 6244
3994 6849
74 5475
4150 4693
9898 4153
7889 7973
3431 8519
8454 595
6162 3344
3811 445
5239 479
1265 1806
8437 8070
5429 4626
7354 929
1923 2343
3435 5000
1614 2503
7904 1420
2770 6868
9209 8120
948 254
4077 9444
8975 9804
753 6760
1863 8925
5544 5521
3988 2588
6236 6749
8403 3244
8500 3418
604 9034
3859 4690
1608 8551
331 3488
7674 8836
9330 5362
6528 5859
4911 9131
2420 9183
3976 2249
4861 5037
8512 6389
8390 4512
3468 1191
3209 6116
6356 6659
9029 4373
7180 7163
6972 8727
9777 2530
6879 9428
8169 4175
9855 9656
4017 6754
8405 5571
3778 8301
9005 8530
6642 4328
4441 6176
6868 3832
5775 1625
6586 7715
6268 2466
7676 2550
2110 3796
3818 5183
7308 2008
6292 6135
2557 8543
9638 2267
455 5340
5763 1688
1902 6187
7589 6361
1018 709
5831 387
8434 185
5008 4432
5298 6948
7279 9262
2831 1556
5187 3862
4790 4470
6919 6098
2670 1449
169 6408
6000 4390
3193 7462
2563 1820
4165 5296
5901 5769
2405 9856
9925 4240
7599 5438
3004 987
5578 3994
6351 6834
1774 6763
4059 9239
5930 2204
4636 9336
4164 692
6376 8156
6984 8957
1409 6271
4336 9721
5779 3549
1298 4516
5392 8267
489 138
175 7283
9817 1718
1291 1489
6624 7865
8757 3273
1857 5871
9305 5194
334 7419
6827 1602
5709 7787
263 7415
1228 4003
6246 771
9870 9928
6387 8775
9967 8724
1506 8066
4897 5691
7679 4412
7939 6928
1432 8059
5891 1801
3929 4047
7544 9669
6503 9224
5597 3849
2357 159
3119 8294
1804 8688
8140 4934
869 4300
2477 2165
5601 5097
3377 7449
6950 1524
9077 9492
3537 9616
1878 7976
2171 2950
4816 1302
8457 5049
534 5321
2328 6440
3445 8525
5860 3085
8782 1657
3201 5414
4618 2214
4968 9668
5468 6811
1945 5779
8553 6880
5433 8495
6321 5660
4098 988
1328 6961
9653 2636
2061 8660
6220 5226
801 6408
725 4279
7128 5500
4153 4718
3148 1402
6022 2605
9043 1876
6910 7159
37 6194
6386 9778
8379 9396
6183 9278
6416 2069
957 5074
9376 8608
1483 2518
8934 9437
7621 7117
1165 5149
902 6844
4980 3044
9083 4261
9626 9025
7498 2682
2357 319
4568 3078
9867 7012
1305 969
9571 2832
7144 4983
9334 8186
6973 1345
6749 887
6672 978
1535 2570
7031 8457
7182 1237
8379 4524
399 2919
768 6392
9495 7922
7059 2540
5257 9614
8750 1239
439 6236
6895 4517
6446 8695
2953 1771
8307 9815
6911 9771
1539 3012
2529 8250
6980 856
2044 2812
2203 6502
5187 9369
591 3448
9843 6838
1676 1590
4211 7300
8824 47
2796 5358
2877 9720
1091 888
2827 1059
6276 1938
7132 5003
3790 6952
1755 7559
2117 8072
3530 997
626 9721
9941 7126
7812 9179
8908 611
9786 8394
4687 2814
1340 8720
8451 9125
4463 2822
4682 5237
1611 451
6926 353
3617 7318
9045 7785
4544 8787
533 5912
8362 2589
6996 4966
4764 7302
9394 7626
3979 5793
8141 3868
2926 5351
648 3058
7548 8729
3401 8750
8668 2814
2189 4155
1217 4139
6545 8756
9178 2966
7019 9032
1082 144
6364 8759
3402 3476
8229 6869
1702 2802
9461 3319
1860 5527
4602 5945
6236 6796
3672 3778
2102 1061
6847 4780
2204 4233
2105 8473
9777 8152
4452 6425
2874 1589
7810 6076
5336 4501
3167 5853
4271 4758
9075 2059
6354 9055
3105 494
7819 2241
5337 8285
5478 1759
7479 3884
8599 6453
3731 5718
4007 1420
1951 2441
9236 3158
6255 271
1084 1709
4616 5373
9410 9025
7566 1763
8524 5277
6606 7697
998 7314
3394 6014
1265 6006
3324 6401
8828 1681
9585 57
3437 9376
6292 9711
7070 8118
1776 478
66 963
5641 9504
1249 5004
5677 4885
4396 3062
3209 6825
5879 1296
7998 6491
838 9429
6273 547
7723 2831
7989 1833
3546 8154
1909 9147
4687 6763
9605 1614
613 2658
1965 5603
324 4123
4304 4661
3900 813
8674 5429
3973 499
4462 5021
4480 2189
878 7822
6525 4847
7415 2175
3716 3424
888 9941
1802 6423
132 4374
9959 1719
1964 4309
3576 9844
4501 5108
872 6464
6417 9344
8201 8268
3252 2694
1378 8978
4343 3003
2877 4707
6497 2990
7238 383
2977 9567
9536 1456
8903 5238
4246 7603
6673 9542
4354 7657
7477 1025
3056 7478
7513 2684
2887 4976
9992 6376
9628 9016
6531 4151
832 1417
4022 6967
1308 3763
5574 3783
418 3253
6620 6465
8522 4297
9782 8503
2413 5086
4599 7992
2100 851
689 7846
3761 8030
5462 8720
6230 6059
9960 2607
848 6017
8934 7577
7028 7825
3739 6623
8382 235
9140 6095
6739 322
7637 1674
3913 1686
7389 2370
3560 3112
2333 5507
7962 1866
5598 8155
7091 8390
9804 2995
9787 1576
334 9071
