1000 18812
6361 184
407 8769
7856 7478
7951 1759
8727 9241
2817 1422
9043 7525
1302 6898
317 6485
4627 4033
7954 1494
8895 7024
8827 3895
3218 921
3196 7477
6483 7358
2695 5280
5734 8325
8599 7806
1636 5347
7095 6253
8979 3913
773 6842
2710 5482
8057 4843
2444 1925
4793 9397
934 9748
4716 2719
4462 3927
8010 9778
5626 3705
9683 7051
1485 5203
1980 1449
2535 8177
7538 2988
484 6766
2524 7330
5300 6585
1452 6762
4481 2993
7915 713
46 7890
7937 9420
1193 4886
5181 6804
3097 5173
9712 1182
4821 8963
4545 4891
1812 9827
6701 6417
941 1767
1976 1138
8557 1388
5155 9252
4539 9999
9880 2004
7789 2982
4899 9797
1160 6288
5905 8282
6271 2396
4698 1011
1185 571
9872 9771
6416 8782
5759 6169
7237 7107
8840 568
2750 4979
3349 6979
4703 7113
284 4985
1499 5461
6543 2307
5390 7029
3407 4092
3307 9914
6091 7531
4302 2398
8571 2885
9075 2434
419 4527
9542 7385
4857 8081
8927 6349
9749 2268
5337 9910
5750 6533
4296 4672
8341 8061
8195 2409
2945 4273
3144 6173
4871 9395
6178 8222
8281 6186
8298 7080
920 6431
1307 3606
3801 6292
8917 8398
7600 5097
5088 5370
9936 8675
5080 8866
298 827
7166 4136
1809 9020
5502 3526
1549 2910
7099 3228
3675 6780
8375 7923
2029 9478
9264 3181
1477 7973
5331 7931
9679 3102
883 1881
3527 8599
8531 5200
6948 7030
3175 325
9317 8681
883 8231
6169 2040
5633 4005
6455 6932
9380 9076
3049 3920
3427 9926
5719 6054
1563 5661
8295 1573
7932 9237
4242 8648
5114 9737
7358 5751
378 5495
6822 3764
571 452
8304 8404
8630 8552
5356 4064
7164 3552
7811 2666
7090 4066
6395 3618
1785 6204
5288 3461
9723 8638
6832 6319
1072 7446
5125 8727
6208 574
7707 4931
6629 4261
7060 1278
1221 6271
6142 751
3364 3276
4677 1283
6830 2230
5403 3906
952 8086
2028 9368
8028 2690
3077 4269
8429 2204
8377 351
1383 2894
7383 3003
1902 7635
1072 7595
6816 7972
1611 4728
5393 9076
6542 7990
2503 7453
6673 317
4801 3736
9417 7555
2900 5405
1789 308
4993 6792
9774 7673
9901 6194
3298 8953
18 2458
8509 1944
7111 5869
1591 8884
6450 686
832 3665
7247 9178
6165 6402
9849 9491
7889 3939
2672 2203
8812 7403
4350 2898
6508 398
9040 619
4927 3914
5385 4519
7070 6569
2077 3585
2939 1263
5513 6750
9503 1844
7484 3254
1870 5873
3394 5595
7409 2092
3960 9907
7021 3680
5871 1118
301 890
9361 2721
3778 9174
3191 3515
3984 1371
9973 6148
9548 5069
7341 4813
9044 8715
2913 1934
3814 2595
3516 6196
7471 3245
1660 6750
6322 2417
4704 951
7407 4165
4706 5457
3390 6176
9407 3047
6014 3909
7333 9992
2338 8658
2475 1330
473 3125
6516 3880
4049 590
9076 9349
7104 6283
8948 2368
3652 2050
1782 805
8610 7899
2197 8192
9332 6521
785 625
9452 9394
8977 2958
9262 5547
7237 1661
9342 6578
4557 4159
6661 4036
9717 7017
4865 7747
7285 7806
2979 6174
3817 7993
9227 2422
2238 6696
9206 1965
4857 7662
122 698
8004 4293
5305 4405
3731 73
5732 3231
6582 4244
7768 7269
5863 5067
8845 1835
6409 5513
5304 3535
3302 8734
9105 721
8514 3145
2645 4422
9939 9481
3379 8347
5793 4649
2481 9059
9840 9738
4255 9900
5414 2015
5517 4780
8717 3274
6664 402
4342 9346
8657 8040
8514 8154
2623 8440
7993 6122
1312 5960
5125 5308
4110 522
2008 6087
9838 8492
9231 2734
4057 6057
7163 1758
88 1215
266 5318
5474 2958
7387 4567
8100 8749
3508 285
8691 3879
921 617
8903 8805
292 8278
6733 3063
4592 2071
3454 6844
1350 47
8813 3828
1216 4165
3692 1377
3278 8785
1959 6670
128 7845
5727 9881
8123 8066
749 7992
829 8023
1144 5338
6098 5429
5195 9464
9768 7473
6437 3411
1427 1569
6730 7999
243 6335
571 228
1301 5168
2332 6361
5428 7254
663 808
7976 3341
6771 4393
4525 6144
5791 8098
3983 7707
2979 877
2042 8572
8928 2644
470 6097
545 6009
195 1771
6998 2883
8665 9868
2341 4510
4435 2276
9064 6061
4469 6860
9260 9349
2103 9186
2635 9778
6166 9966
3094 6109
4202 3052
8098 4151
5270 1334
7529 7955
304 385
1277 4613
481 2188
7262 1252
6577 3798
4117 5326
4782 8280
5250 1786
6934 7764
3496 3228
5650 964
8085 1622
7314 3
8151 2697
8399 3891
9481 6590
3083 8495
3743 848
2641 5342
1903 4380
9561 4115
6041 3446
1878 6166
6309 3283
5673 8898
2223 1456
6217 3365
24 1539
730 9922
320 8203
8211 9285
2733 7321
4328 8822
6765 7172
1819 6445
604 9341
9377 6925
2085 420
4501 7986
8533 8078
8255 6014
4701 7624
2432 3740
517 7633
2078 4713
2871 5745
8839 1937
8149 8215
3114 498
4740 9325
5469 6524
7236 9240
298 7336
6530 1402
7177 115
2551 3064
7896 8946
8843 5051
9640 2567
701 9339
7272 7684
1101 5557
201 5177
1122 9993
1797 9057
4098 3207
1829 508
5201 4837
4876 1859
688 6703
211 7837
3524 7791
1094 3932
4594 7212
3968 4230
1243 3744
504 3552
7337 3028
7992 1240
1578 6033
6018 6443
3298 4869
9914 7234
7432 4549
3943 8414
2904 1792
9691 5339
1141 4464
7629 3617
3930 7740
2323 7017
2343 5593
4248 8437
938 8704
3691 1267
3975 2368
4695 1003
2834 521
9524 9445
6395 4448
6616 6325
8552 7292
7487 5715
9626 7946
561 7053
859 421
2396 3126
3729 7288
9261 9869
8296 8286
4558 5306
7299 7689
29 7493
5229 6530
1239 3790
4084 8265
290 6323
37 8983
1248 967
7732 5755
6231 9698
1420 9201
2655 8658
4665 8885
4579 6781
2831 2632
3634 2310
5071 3343
7503 7072
5036 9418
6419 824
2027 7384
644 547
6798 7802
4405 2002
8744 8066
4262 3416
3683 8178
2354 3623
3942 8099
7520 9514
4996 7758
9739 141
5340 3331
5880 7308
8842 5863
7208 5009
1282 848
1635 2539
5302 9840
6172 8632
479 7709
7558 6477
7748 1611
1525 1934
9885 299
3683 9815
2277 4834
7478 5563
689 4313
7204 2175
5263 2699
6528 4714
2439 5354
5503 7249
9049 6348
1543 9577
5284 171
2305 3557
5750 3912
983 1413
349 8512
6950 836
9187 186
7236 4250
8231 5604
6802 2052
4948 6919
8084 2212
5618 5256
2771 1034
8571 3729
1291 2463
36 3596
7968 5740
1850 9650
2322 3787
2720 3420
9482 7139
7273 5299
5177 780
9610 9175
3280 3725
576 5668
6362 3683
473 2566
2240 1657
1429 3544
1975 3822
6147 8783
7296 514
2246 3549
7920 4689
3916 3361
1722 4686
5114 6810
3250 8640
1001 9654
8528 387
6858 6251
6631 9214
6185 6949
994 8286
2218 2513
5931 9092
9558 9188
6318 1775
5162 493
934 3660
386 4330
2394 852
8319 6517
9181 219
3112 4326
7714 1634
535 6128
4938 2799
1471 5729
4399 1495
2561 2508
1278 2617
741 924
4344 9823
857 5518
5303 4146
8111 9978
8505 4413
9528 1370
6482 6816
1180 3130
9291 3474
382 2913
8113 2336
4575 3886
6100 3267
1115 559
1917 7649
4699 2757
3966 1368
1619 3819
5749 3499
2601 1614
5340 5554
8412 3478
4442 8634
4974 8662
4989 8315
7202 4380
3767 9631
3274 4054
8024 6988
3568 8852
7528 6344
967 6114
1056 9522
1768 747
7773 2977
8900 8200
6469 5866
1674 105
8133 4784
8796 6176
9822 4975
3831 8457
293 396
4878 6525
382 7452
2637 4731
3575 9765
3612 5075
4769 3807
7656 1806
7657 7745
1581 6356
3740 8345
3050 3673
8410 3282
1476 3580
2085 8678
5136 3228
6865 4248
6225 9247
1662 860
8072 694
1302 7883
1231 6376
7540 148
7665 2662
2466 6874
4749 358
7284 7395
3303 1757
1905 1050
6379 1440
3355 1053
8015 6935
3436 4711
3687 7826
8635 4816
6655 4396
7733 9572
6953 9412
5084 879
2209 9132
46 3341
2042 2140
5513 8825
231 7092
1036 3918
1397 2976
8487 137
1398 7974
743 9216
3165 5520
6356 8335
2198 8648
5675 2615
8437 6231
6402 4738
3734 7192
9023 4031
6626 1288
5120 9850
8661 7566
3999 6621
8958 4067
5621 371
6245 4900
304 9100
93 3247
8156 1835
5543 1418
3716 3700
7876 1540
3770 6871
6714 2974
8805 9733
1202 5049
1080 9092
454 6225
4772 2799
6017 3247
6176 2603
5549 6422
4417 9606
9436 9580
5651 7139
4567 5829
6224 8421
1990 2701
2750 8829
7659 2765
9581 5142
7998 8324
6648 6580
4498 1271
3116 5001
4062 1705
4854 4089
4332 1406
6162 9883
5689 748
8738 7481
4174 162
3350 1279
2034 9731
2183 8571
5107 3009
2322 8862
8777 3669
3360 3747
6715 6062
4570 4680
9114 3289
9635 8489
9649 8874
9400 2985
2879 636
5594 7497
6303 7853
1025 5682
3793 5306
4191 459
9627 308
8780 3400
4831 1299
1036 3435
60 9113
456 2196
1722 4500
1785 5870
586 8004
8773 5875
4566 787
2677 3230
9921 7494
962 3942
7583 4756
4180 5264
3822 1416
1487 5172
6985 9083
7774 9890
4515 4094
7879 6817
6968 4498
5847 2706
8259 8132
9705 9422
3837 398
4727 2132
1029 2834
654 7278
8251 6069
834 163
2323 3248
3757 4499
5593 2547
9955 8764
7096 9832
9722 6714
4466 5099
9647 1877
5817 8748
8400 8398
3316 6323
4767 3057
2658 2779
3377 5818
5177 9887
6120 8739
1795 2873
9687 5607
542 4874
2241 7118
1849 311
4652 8966
8358 772
4293 2667
8439 9500
1846 1484
5152 3074
4097 6269
4869 1389
8188 8591
2269 9510
5285 980
933 7515
4153 6631
1249 6902
7575 3418
9853 4669
7114 9558
7323 8647
4172 770
3336 190
7808 1268
1030 2817
2303 3436
4756 7882
9923 3538
7969 894
6859 3282
462 4556
2812 9610
6664 7127
7181 7534
9217 7203
7339 3383
4564 8506
6956 8284
9750 780
4837 4241
2165 5374
7249 7633
6444 6632
9201 7502
5249 2652
2652 8447
3141 1535
2104 490
5267 1699
565 745
5081 7364
1334 4236
7822 2791
3594 3714
8954 1383
2261 803
9301 8225
5081 3342
1089 7168
2424 6234
1614 6051
7756 5681
3759 6145
9250 9123
5069 4426
5514 5735
9617 9760
892 4823
9365 6598
8318 1969
4253 2274
191 5260
2717 6506
226 6449
6878 4178
1772 4390
9098 5016
542 600
9135 6236
2251 9269
3613 6771
8096 6595
2027 4156
3583 6753
5994 7679
8643 4368
981 3880
9521 5824
2221 3008
5395 4249
9030 7503
5207 5535
4267 6127
2667 5223
8120 9816
9890 8592
7973 7855
2660 8822
8546 5473
2762 543
9040 6443
5363 8634
6507 6787
1923 4611
7151 8180
1575 5441
9795 2143
6475 2138
8219 8623
9063 7976
1598 5046
1731 8662
4755 4453
1838 9318
2439 3787
7562 5615
4367 5955
2554 8897
228 1734
9852 7646
6380 125
8040 131
8453 8252
5099 5574
6582 4395
7949 3694
2483 247
8121 4958
94 998
6540 6394
4003 4332
2899 298
2369 1938
7572 5692
3574 9619
6545 4861
8309 4604
2340 9833
1317 1142
6387 6126
9516 7995
822 3614
5718 3893
184 6863
9659 9578
5960 9764
565 7496
9471 1828
7971 2768
1057 5961
5 1497
6019 90
872 5033
311 7465
1730 1280
1425 2981
1713 6626
2462 5382
8281 4616
9830 7666
8648 9938
7572 551
6485 8826
3756 6345
630 9479
6928 3053
5014 8575
3072 1078
1532 2487
6066 7351
67 4290
7084 4234
2394 153
927 3050
9178 1204
9748 4563
1791 9480
7132 1282
3153 9024
8013 8897
4334 5763
2386 6723
6123 2221
3284 9474
