460 63 43 191
52 228
180 254
231 366
151 439
187 310
164 284
355 300
54 328
92 295
337 58
385 90
151 493
41 145
238 371
4 307
34 297
311 157
295 35
116 131
226 245
142 211
297 365
91 451
55 446
154 132
309 308
359 354
37 408
364 399
353 210
315 494
84 462
57 361
70 248
29 90
30 12
202 12
195 116
249 93
276 7
267 63
185 78
365 385
9 264
77 172
205 152
11 58
293 129
212 441
25 389
347 411
323 151
152 108
300 413
150 284
307 471
216 235
341 120
300 319
41 225
147 57
76 283
287 246
285 92
349 127
201 38
117 38
265 311
240 323
394 56
26 160
302 33
136 493
273 377
300 406
175 459
262 109
356 43
141 315
148 181
302 342
12 162
132 228
312 413
265 410
183 161
380 399
380 359
356 339
326 343
372 408
386 369
239 44
159 30
349 331
98 429
31 206
363 83
320 280
88 110
156 48
249 268
357 191
260 383
132 475
90 164
237 433
377 329
182 239
275 423
361 444
223 408
215 232
271 239
320 307
50 261
161 345
362 232
77 108
160 10
271 29
343 73
350 95
222 481
386 301
314 289
262 78
372 121
95 395
366 459
108 231
316 29
287 106
369 334
363 460
231 416
141 55
339 190
112 360
392 206
204 194
299 317
319 467
295 149
398 99
34 387
206 290
175 9
366 26
102 134
183 409
321 245
167 39
152 22
394 199
223 119
11 150
302 315
265 161
242 469
45 409
2 90
203 228
212 70
87 33
273 152
10 390
278 145
133 125
172 163
277 201
315 74
376 258
11 407
47 252
91 363
116 84
117 490
270 135
113 84
130 215
282 492
28 420
350 231
143 187
201 91
281 461
372 425
122 301
298 408
215 410
124 83
74 44
309 89
44 417
160 123
262 285
137 73
356 21
49 160
59 227
294 371
301 387
258 265
266 296
147 451
361 85
251 387
216 174
89 48
144 254
104 298
12 222
166 276
123 336
119 288
372 476
219 455
170 199
205 190
80 114
94 56
286 37
18 498
21 248
249 147
288 136
224 191
331 399
313 29
200 10
104 475
224 23
160 451
199 430
14 264
259 91
291 95
30 68
168 411
330 9
397 481
340 101
370 116
28 79
170 380
164 41
349 317
183 223
317 283
237 387
11 323
124 491
170 328
304 332
276 359
206 86
93 304
5 32
53 162
167 26
177 301
199 164
92 181
242 288
138 494
307 458
93 170
386 275
380 135
365 488
352 42
106 77
209 22
91 322
353 349
339 128
391 311
296 231
110 137
153 162
223 249
274 344
157 382
14 62
351 479
108 277
67 199
5 5
1 324
317 442
46 272
56 238
50 88
287 371
44 291
387 182
84 136
210 288
225 468
199 132
365 213
102 482
261 236
8 18
341 322
276 408
276 193
223 99
76 426
214 291
28 184
377 147
17 255
26 310
195 241
358 230
348 77
291 431
206 131
75 33
181 480
231 280
251 410
336 187
171 206
386 207
136 395
243 482
335 166
274 279
121 488
99 295
246 127
90 32
7 65
21 89
26 381
191 199
379 192
179 371
57 463
62 184
71 242
264 377
196 12
83 338
397 228
149 123
353 75
323 470
262 222
287 155
58 231
36 116
300 79
62 446
364 87
31 61
0 7
144 114
377 290
53 211
342 216
132 11
311 252
391 276
244 254
272 393
47 352
285 224
87 79
252 404
46 316
368 258
61 479
276 205
103 384
191 167
348 481
362 414
111 344
366 491
217 84
65 397
239 189
34 97
242 435
339 433
102 47
311 471
85 218
44 88
148 30
314 17
198 251
236 216
192 153
159 1
318 374
345 455
36 2
252 89
38 129
203 346
44 492
44 245
304 216
255 365
234 352
142 117
350 26
53 462
180 336
291 436
41 250
49 477
116 10
51 328
76 447
285 419
72 251
393 131
150 273
310 332
368 57
274 439
219 309
27 390
178 436
258 308
20 113
305 377
377 215
110 288
90 74
113 390
129 80
387 262
287 388
264 443
269 11
78 428
357 305
134 439
306 387
258 135
149 367
96 190
330 39
390 455
250 1
174 125
114 282
132 313
243 66
30 352
75 160
267 375
181 491
