Aldan Ali-Amir
4930
1 2 3 4 5 6 7 8 9 10 11 12 13 14 15 16 17 18 19 20 21 22 23 24 25 26 27 28 29 30 31 32 33 34 35 36 37 38 39 40 41 42 43 44 45 46 47 48 49 50 51 52 53 54 55 56 57 58 59 60 61 62 63 64 65 66 67 68 70 71 72 73 74 75 76 77 78 79 80 81 82 83 84 85 86 87 88 89 90 91 92 93 94 95 96 97 98 99 100 101 102 103 104 105 106 107 108 109 110 111 112 113 114 115 116 117 118 119 120 121 122 123 124 125 126 127 128 129 130 131 132 133 134 135 136 137 138 139 140 141 142 143 144 145 146 147 148 149 150 151 152 153 154 155 156 157 158 159 160 161 162 163 164 165 166 167 168 169 170 171 172 173 174 175 176 177 178 179 180 181 182 183 184 185 186 187 188 189 190 191 192 193 194 195 196 197 198 199 200 201 202 203 204 205 206 207 208 209 210 211 212 213 214 215 216 217 218 219 220 221 222 223 224 225 226 227 228 229 230 231 232 233 234 235 236 237 238 239 240 241 242 243 244 245 246 247 248 249 250 251 252 253 254 255 256 257 258 259 260 261 262 263 264 265 266 267 268 269 270 271 272 273 274 275 276 277 278 279 280 281 282 283 284 285 286 287 288 289 290 291 292 293 294 295 296 297 298 299 300 301 302 303 304 305 306 307 308 309 310 311 312 313 314 315 316 317 318 319 320 321 322 323 324 325 326 327 328 329 330 331 332 333 334 335 336 337 338 339 340 341 342 343 344 345 346 347 348 349 350 351 352 353 354 355 356 357 358 359 360 361 362 363 364 365 366 367 368 369 370 371 372 373 374 375 376 377 378 379 380 381 382 383 384 385 386 387 388 389 390 391 392 393 394 395 396 397 398 399 400 401 402 403 404 405 406 407 408 409 410 411 412 413 414 415 416 417 418 419 420 421 422 423 424 425 426 427 428 429 430 431 432 433 436 437 439 440 441 442 443 444 445 446 447 448 449 450 451 452 453 454 455 456 457 458 459 460 461 462 463 464 465 466 467 468 469 470 471 472 473 474 475 476 477 478 479 480 481 482 483 484 485 486 487 488 489 490 491 492 493 494 495 496 497 498 499 500 0
Omyrzak Meirambek
34056
1 2 3 4 5 6 7 8 9 10 11 12 13 14 15 16 17 18 19 20 21 22 23 24 25 26 27 28 29 30 31 32 33 34 35 36 37 38 39 40 41 42 43 44 45 46 47 48 49 50 51 52 53 54 55 56 57 58 59 60 61 62 63 64 65 66 67 68 69 70 71 72 73 74 75 76 77 78 79 80 81 82 83 84 85 86 87 88 89 90 91 92 93 94 95 96 97 98 99 100 101 102 103 104 106 107 108 109 111 112 113 114 115 116 117 118 119 120 121 122 123 124 125 126 127 128 129 130 131 132 133 134 135 136 137 138 139 140 141 142 143 144 145 146 147 148 149 150 151 152 153 154 155 156 157 158 159 160 161 162 163 164 165 166 167 168 169 170 171 172 173 174 175 176 178 179 180 181 182 183 184 185 186 187 188 189 190 191 192 193 194 195 196 197 199 200 202 203 204 205 206 207 208 209 210 211 213 214 215 216 217 218 219 221 224 225 226 228 231 233 234 235 236 237 238 241 243 244 245 246 247 248 249 250 252 253 254 255 258 259 260 262 263 264 265 266 267 268 269 270 271 272 273 274 275 276 277 278 279 280 281 282 283 284 285 286 287 288 289 290 291 292 293 294 295 296 297 298 299 300 301 302 303 304 305 306 307 308 309 310 311 312 313 314 315 316 317 318 319 320 321 322 323 324 325 326 327 328 329 330 331 332 333 334 335 336 337 338 339 340 341 343 344 345 346 347 348 349 350 351 352 353 354 355 356 357 358 359 360 361 363 364 365 366 367 368 369 370 371 372 373 374 375 376 377 378 379 380 381 382 383 384 385 386 387 388 389 390 391 392 393 394 395 396 397 398 399 400 401 404 407 408 409 411 412 413 414 415 416 417 418 419 420 422 423 424 425 426 427 429 431 432 433 439 440 442 443 444 446 447 448 449 450 452 453 456 457 458 459 460 461 462 463 464 465 466 468 469 470 471 472 473 474 475 476 477 480 481 482 485 486 487 490 491 493 494 495 496 497 498 499 500 501 502 504 505 509 510 511 512 513 514 515 516 517 518 519 520 521 522 523 524 525 526 527 528 529 530 531 532 534 535 536 538 539 540 541 542 543 544 546 547 548 550 551 552 553 554 556 557 562 564 566 568 569 570 572 574 576 577 578 579 580 581 582 588 590 594 595 596 597 598 600 0
Khamitbekov Madi
9957
1 2 3 4 5 6 7 8 9 10 11 12 13 14 15 16 17 18 19 20 21 22 23 24 25 26 27 28 29 30 31 32 33 34 35 36 37 38 39 40 41 42 43 44 45 46 47 48 49 50 51 52 53 54 55 56 57 58 59 60 61 62 63 64 65 66 67 68 70 71 72 73 74 75 76 77 79 80 81 82 83 84 85 86 87 88 89 90 91 92 93 94 95 96 97 98 99 100 101 102 103 104 105 106 107 108 109 111 112 113 114 115 116 117 118 119 120 121 122 123 124 125 126 127 128 129 130 131 132 133 134 135 136 137 138 139 140 141 142 143 144 145 146 147 148 149 150 151 152 153 154 155 156 157 158 159 160 161 163 164 165 166 167 168 169 170 171 172 173 174 175 178 179 180 181 182 183 184 185 187 188 189 190 191 192 193 194 195 196 197 198 199 200 202 203 204 205 206 207 208 209 211 213 214 215 216 219 221 224 225 228 230 231 233 234 235 236 237 238 241 243 244 245 246 248 249 250 252 253 254 255 260 262 263 264 265 266 267 268 269 270 271 272 273 274 275 276 277 278 279 280 281 282 283 284 285 286 287 289 290 291 292 293 294 295 296 297 298 299 302 303 304 305 307 308 309 310 311 312 313 314 315 316 317 318 319 320 321 322 323 324 325 326 327 328 329 330 331 332 333 335 336 338 339 340 341 343 344 345 346 347 348 349 350 351 352 353 354 355 356 357 358 360 361 362 363 364 365 366 367 368 369 370 371 372 373 374 375 376 377 378 379 381 382 383 384 385 386 387 388 390 391 392 394 395 396 397 398 399 400 401 403 407 408 409 411 412 413 414 415 416 417 419 420 422 423 426 427 429 430 431 432 433 439 440 444 446 447 449 450 451 452 453 455 456 457 458 459 461 462 465 466 469 470 471 472 473 474 475 476 477 480 481 482 485 490 491 492 493 496 498 499 500 501 504 509 510 511 513 514 515 516 517 518 519 520 521 522 525 526 528 529 530 534 535 539 541 542 543 544 548 550 552 554 557 564 574 576 577 579 582 595 596 597 598 600 0
Auganov Birzhan
34788
1 2 3 4 5 6 7 8 9 10 11 12 13 14 15 16 17 18 19 20 21 22 23 24 25 26 27 28 29 30 31 32 33 34 35 36 37 38 39 40 41 42 43 44 45 46 47 48 49 50 51 52 53 54 56 57 58 59 60 61 62 63 64 65 66 67 68 69 70 71 72 73 74 75 76 78 79 80 81 82 83 84 85 86 87 88 89 91 92 93 94 95 96 97 98 99 100 101 102 103 106 107 108 109 112 113 114 115 116 118 119 120 121 122 123 124 125 126 127 128 129 130 131 132 133 134 135 136 137 138 139 140 141 142 143 144 145 147 148 149 150 151 152 153 154 156 157 158 159 162 163 164 165 166 167 168 169 171 172 173 174 175 178 179 180 181 182 183 184 185 186 187 188 191 192 193 194 195 196 197 199 202 203 204 206 207 208 209 211 213 214 216 219 224 225 228 231 233 234 235 236 237 238 243 244 246 247 248 249 250 253 254 255 259 260 263 264 265 266 267 268 269 270 271 272 273 274 276 277 278 279 280 281 282 283 284 285 286 287 290 291 292 293 294 295 296 297 298 300 301 302 303 305 307 308 309 310 311 312 313 314 315 316 317 318 319 320 321 322 323 324 325 326 327 328 329 330 331 332 333 334 335 336 337 338 339 340 341 343 344 346 347 348 349 350 351 352 353 354 355 356 357 358 360 361 363 364 365 366 367 368 369 370 371 372 373 374 376 377 378 379 381 382 383 384 385 386 387 388 390 391 392 393 394 395 396 397 398 399 400 407 408 409 411 412 413 414 415 416 417 419 420 422 423 424 426 427 429 431 432 433 439 440 442 443 444 446 447 448 450 454 456 457 458 459 461 462 464 465 466 468 469 470 471 472 473 475 476 477 480 481 482 485 486 490 491 493 496 498 499 500 501 502 504 509 510 511 512 513 514 515 516 517 518 519 520 521 522 523 524 525 526 528 529 530 534 535 539 540 541 542 543 544 546 548 550 551 554 562 564 570 572 574 576 577 579 580 582 595 596 597 600 0
Maminov Daniyar
34055
1 2 3 4 5 6 7 8 9 10 11 12 13 14 15 16 17 18 19 20 21 22 23 24 25 26 27 28 29 30 31 32 33 34 35 36 37 38 39 40 41 42 43 44 45 46 47 48 49 50 51 52 53 54 56 57 58 59 60 61 62 63 64 65 66 67 68 69 70 71 72 73 74 75 76 77 78 79 80 81 82 83 84 85 86 87 88 89 90 91 92 93 94 95 96 98 99 100 101 102 103 106 108 109 111 112 113 114 115 116 118 119 120 121 122 123 124 125 126 127 128 129 130 131 132 133 134 135 136 138 139 140 141 142 143 144 145 147 148 149 150 151 152 153 154 156 157 158 159 160 161 162 163 164 165 166 167 168 169 170 171 172 173 174 175 178 179 180 181 182 183 185 186 187 189 190 191 192 193 194 195 196 197 202 203 204 205 206 207 208 211 213 214 215 216 217 219 224 225 228 231 233 234 235 236 237 238 241 244 245 246 250 252 253 254 255 259 260 263 264 265 266 267 268 269 270 271 272 273 274 275 276 277 278 279 280 281 282 283 284 285 286 287 290 291 292 293 294 295 296 297 298 299 301 303 304 305 306 307 309 310 311 312 313 314 315 316 317 318 319 320 321 322 323 324 325 326 327 328 329 330 331 332 333 334 335 336 338 339 340 341 343 344 345 346 347 349 350 351 352 353 354 355 356 357 358 360 361 363 364 365 366 367 368 369 370 372 373 376 377 378 379 381 382 383 384 385 386 387 388 392 394 395 396 397 398 399 400 401 407 408 409 411 412 413 414 415 416 417 420 422 423 426 427 429 431 432 433 439 440 443 446 447 449 450 456 457 458 459 461 462 464 465 466 468 469 470 471 472 473 475 476 477 480 481 482 485 486 490 491 493 496 498 499 500 501 502 504 509 510 511 513 514 515 516 517 518 519 520 521 522 523 524 525 526 527 528 529 530 534 535 536 539 540 542 543 544 546 547 548 550 552 553 554 556 557 562 564 570 574 576 577 578 579 580 596 597 598 600 0
Sariyev Aman
9492
1 2 3 4 5 6 7 8 9 10 11 12 13 14 15 16 17 18 19 20 21 22 23 24 25 26 27 28 29 30 31 32 33 34 35 36 37 38 39 40 41 42 43 44 45 46 47 48 49 50 51 52 53 54 56 57 58 59 60 61 62 63 64 65 66 67 68 70 71 72 73 74 75 76 78 79 80 81 82 84 85 86 87 88 89 90 91 92 93 94 95 96 97 98 99 102 103 106 108 111 113 114 115 116 118 119 120 121 122 123 124 125 126 127 128 129 130 131 132 133 134 135 136 137 138 139 140 141 142 143 144 145 147 148 149 150 151 152 153 154 156 157 158 159 160 161 163 164 165 166 167 168 169 170 171 172 173 174 178 179 180 181 182 183 185 186 189 190 192 193 194 195 196 197 200 202 203 204 205 206 207 208 211 213 214 215 216 224 225 228 231 233 234 235 237 244 246 247 248 250 252 253 254 255 260 263 264 265 266 267 269 270 271 272 273 274 275 276 277 278 279 280 281 282 283 284 285 286 287 290 291 292 293 294 295 296 297 298 301 302 303 309 311 312 313 314 315 316 317 318 319 320 321 322 323 324 325 326 327 328 329 330 331 332 333 335 336 338 340 343 344 346 347 349 350 351 352 353 354 355 356 357 358 360 361 363 364 365 366 368 370 372 377 378 379 381 382 383 384 385 387 388 390 392 394 395 396 397 398 399 400 407 409 411 412 413 414 415 416 419 422 426 427 431 432 439 440 443 444 446 447 449 450 452 456 457 458 461 462 464 465 466 467 469 470 472 475 477 482 485 486 490 491 493 496 498 499 500 501 502 504 508 510 511 513 514 515 516 517 518 519 521 522 526 528 529 530 534 539 541 542 543 544 548 550 551 554 556 564 574 576 577 579 580 581 582 596 597 600 0
Muratov Dauren
13285
1 2 3 4 5 6 7 8 9 10 11 12 13 14 15 16 17 18 19 20 21 22 23 24 25 26 27 28 29 30 31 32 33 34 35 36 38 39 40 41 42 43 44 45 46 47 48 49 50 51 52 53 54 56 57 58 59 60 61 62 63 64 65 66 67 68 70 71 72 73 74 75 76 77 78 79 80 81 82 83 84 85 86 87 88 89 90 91 92 93 94 95 96 97 98 99 100 101 102 103 104 105 106 107 108 112 113 114 115 116 118 119 120 121 122 123 124 125 126 127 128 129 130 131 132 133 134 135 136 137 138 139 140 141 142 143 144 145 146 147 148 149 150 151 152 153 154 156 157 159 161 163 164 165 169 170 171 172 173 174 178 179 180 182 183 185 186 189 192 193 194 195 196 197 202 203 204 205 206 207 208 211 214 216 217 224 225 228 231 233 234 235 237 238 244 245 250 252 255 259 260 263 264 266 268 269 270 271 272 274 275 276 280 281 283 284 285 286 287 289 291 292 293 296 297 298 306 310 311 312 314 317 318 320 321 322 323 324 325 326 327 328 329 330 331 332 333 334 335 336 338 339 340 341 343 344 346 347 349 350 351 352 354 355 356 357 360 361 363 364 365 366 367 368 369 370 372 373 374 375 376 377 378 379 381 382 383 384 386 388 389 390 391 392 393 395 396 397 398 400 407 408 413 414 415 416 417 419 420 422 423 424 426 427 431 432 440 446 447 449 450 454 457 459 462 463 465 466 467 469 470 471 472 473 476 480 481 482 489 491 493 496 498 500 502 513 515 517 518 519 522 525 527 529 536 539 540 541 543 544 552 556 562 577 595 598 0
Aytbayev Sherzat
9941
1 2 3 4 5 6 7 8 9 10 11 12 13 14 15 16 17 18 19 20 21 22 23 24 25 26 27 28 29 30 31 32 33 34 35 36 37 39 40 41 42 43 44 45 46 47 48 49 50 51 52 53 54 56 57 58 59 60 61 62 63 64 65 66 67 68 69 70 71 72 73 74 75 76 79 80 81 82 83 84 85 86 87 88 89 90 91 92 93 94 95 96 98 99 101 102 103 106 107 108 113 114 115 117 118 119 120 121 122 123 124 125 126 127 128 129 130 131 132 133 135 136 138 140 141 142 143 144 145 147 148 149 150 152 153 154 156 157 158 159 161 163 164 165 168 169 170 171 172 173 174 175 178 179 180 182 183 184 185 187 189 192 195 196 197 198 202 203 204 205 207 208 211 213 214 224 225 231 233 234 235 236 246 248 250 253 254 255 260 263 264 265 266 270 271 272 273 274 275 276 277 278 279 280 281 282 283 284 285 286 287 290 291 292 293 294 295 296 297 298 301 303 308 309 310 311 312 313 314 315 316 317 318 319 320 321 322 323 324 325 326 327 328 329 330 331 332 333 336 338 339 340 341 343 344 346 347 349 350 352 354 355 357 358 360 361 363 364 365 366 367 368 370 372 376 381 382 383 384 385 387 388 390 392 394 395 397 398 399 400 408 409 411 412 413 416 417 419 422 423 426 431 432 439 440 442 443 444 446 447 450 452 453 456 457 458 461 462 463 464 465 466 469 470 471 472 474 475 477 482 485 490 491 493 496 498 499 500 504 511 513 514 515 518 521 528 529 534 539 542 544 550 554 574 576 579 597 0
Serikov Anuar
20705
1 2 3 4 5 6 7 8 9 10 11 12 13 14 15 16 17 18 19 20 21 22 23 24 25 26 27 28 29 30 31 32 33 34 35 36 37 39 40 41 42 43 44 45 46 47 48 49 50 51 52 53 54 55 56 57 58 59 60 61 62 63 64 65 66 68 70 71 72 73 75 76 79 80 81 82 84 85 86 87 88 90 91 92 93 94 95 96 97 98 99 101 102 103 106 107 108 109 113 114 117 118 119 120 121 122 124 125 126 127 128 129 130 131 132 133 134 135 136 137 138 139 140 141 142 143 144 145 147 148 149 150 151 152 154 156 157 158 159 163 164 165 168 169 171 172 173 174 178 179 182 183 185 189 192 195 196 197 198 202 203 206 207 208 211 213 214 215 216 224 225 228 231 233 234 235 238 246 250 252 253 254 255 260 263 264 265 270 271 272 273 274 275 276 277 278 281 282 283 284 286 287 290 291 292 293 294 296 297 298 302 303 308 309 310 311 312 313 314 315 316 317 319 320 321 322 323 324 325 326 327 328 329 330 331 332 333 336 338 339 340 343 344 345 346 347 348 349 350 352 354 355 356 357 360 362 363 364 365 366 367 368 370 372 374 376 379 381 382 383 384 387 388 390 392 394 395 398 400 409 411 412 413 414 416 417 420 422 423 425 426 427 429 430 431 432 440 446 447 450 452 453 456 457 459 461 462 465 466 469 470 471 472 475 477 482 485 490 491 493 496 498 499 501 504 509 511 513 514 515 516 517 519 520 521 522 526 529 530 534 539 542 543 544 548 550 554 574 576 577 579 580 596 597 600 0
Kalimov Arystan
38663
1 2 3 4 5 6 7 8 9 10 11 12 13 14 15 16 17 18 19 20 21 22 23 24 25 26 27 28 29 30 31 32 33 35 36 37 39 40 41 42 43 44 45 46 47 48 50 51 52 53 55 56 57 58 59 60 61 62 63 64 66 68 69 70 71 72 75 78 79 80 81 82 84 85 86 87 91 92 94 95 98 102 103 106 108 113 114 118 119 120 121 122 123 124 125 126 127 128 129 130 131 132 133 135 136 137 138 140 141 142 143 144 145 146 147 148 149 150 151 156 159 162 163 164 165 166 167 168 169 170 171 172 173 174 178 179 182 183 185 189 192 194 195 196 202 203 204 207 208 209 214 224 225 231 233 234 237 249 250 254 255 262 263 264 265 267 270 271 272 273 274 275 276 277 278 279 280 283 284 285 286 289 291 292 293 294 296 297 298 303 309 311 312 313 314 315 316 317 318 319 320 321 322 323 324 325 326 327 328 329 331 332 333 335 336 337 338 339 340 344 348 349 350 352 353 354 355 357 360 361 362 363 364 365 367 368 370 371 380 382 383 384 385 387 388 390 392 394 395 398 401 408 409 411 412 413 416 419 422 431 432 439 440 446 447 449 454 456 457 461 462 465 469 471 472 475 476 477 481 482 485 491 493 496 498 499 500 501 504 510 511 513 514 515 516 518 519 521 522 524 526 527 529 530 534 539 541 542 543 544 548 550 551 554 557 564 574 576 577 579 580 581 585 597 600 0
Azimov Rustam
10221
1 2 3 4 5 6 7 8 9 10 11 13 14 15 16 18 19 20 21 22 23 24 25 26 27 28 29 31 33 34 35 36 38 39 40 41 42 43 44 45 46 47 48 51 52 53 56 58 59 60 61 62 63 64 65 66 68 69 72 73 75 76 79 80 81 82 84 85 86 87 88 89 91 92 93 94 95 96 98 99 100 101 102 103 106 108 113 114 115 118 119 120 121 122 123 124 125 126 127 128 129 130 131 132 133 134 135 136 138 140 141 142 143 144 145 147 148 149 150 151 152 153 154 156 157 159 163 164 165 168 169 170 171 172 173 174 178 179 181 182 183 185 192 194 195 196 197 203 205 208 211 214 224 225 228 231 233 234 235 246 250 253 254 255 260 263 264 265 266 267 269 271 272 273 274 275 276 277 278 280 283 284 290 291 292 293 294 296 297 299 303 309 311 312 313 314 315 316 317 319 320 321 322 323 324 325 326 327 328 329 331 332 333 335 336 338 343 344 346 347 349 350 352 354 355 356 357 363 364 365 366 367 368 370 372 373 377 378 379 381 382 383 384 385 387 388 391 392 394 395 396 398 399 400 407 409 411 413 416 422 423 426 431 432 440 443 446 447 450 456 457 461 462 465 469 470 473 475 482 485 490 493 496 498 499 501 504 510 511 513 514 515 516 518 520 521 522 525 526 528 529 530 534 539 542 544 550 554 574 576 577 578 579 582 597 598 600 0
Madibekov Nurbakhyt
97740
1 2 3 4 5 6 7 8 9 10 11 12 13 14 15 16 17 18 19 20 21 22 23 24 25 26 27 28 29 30 31 32 33 34 35 36 37 38 39 40 41 42 43 44 45 46 47 48 49 50 51 52 53 54 55 56 57 58 59 60 61 62 63 64 65 66 67 68 69 70 71 72 73 75 76 79 80 81 82 84 85 86 87 88 89 90 91 92 93 94 95 96 98 99 101 102 103 106 108 113 114 115 116 118 119 120 121 122 124 125 126 127 128 129 130 131 132 133 135 136 138 141 142 143 144 145 147 148 149 150 154 156 157 159 163 164 165 166 167 168 169 170 171 172 173 174 175 178 179 182 183 184 185 192 193 195 196 197 202 203 205 207 208 213 224 225 231 233 234 235 241 246 250 252 253 254 255 263 264 265 266 270 271 272 273 274 275 276 277 278 281 283 284 285 286 287 290 291 292 293 294 295 296 297 298 303 309 310 311 312 313 314 315 316 317 318 319 320 321 322 323 324 325 326 327 328 329 330 331 332 333 336 338 339 340 341 344 346 347 349 350 352 354 355 357 359 360 363 365 366 367 368 370 376 381 383 385 387 388 392 394 395 398 399 408 409 411 412 413 416 417 420 422 426 432 439 440 444 446 447 456 457 458 461 462 465 472 475 482 485 490 491 493 496 498 499 500 501 504 511 513 514 515 516 517 518 519 520 521 522 524 526 528 529 530 534 539 542 543 544 546 548 550 551 554 564 574 576 577 578 579 596 597 600 0
Nurtoleuov Zhanadil
18599
1 2 3 4 5 6 7 8 9 10 11 12 13 14 15 16 17 18 19 20 21 22 23 25 26 27 28 29 30 31 33 34 35 36 39 40 41 42 43 44 45 46 47 48 49 50 51 52 53 54 56 58 59 60 61 62 63 64 65 66 67 68 70 71 72 74 75 76 79 81 82 84 85 86 88 92 93 94 95 96 97 98 99 102 103 104 106 108 113 114 115 116 118 119 120 121 122 123 124 125 126 127 128 129 130 131 132 133 134 135 136 138 141 142 143 144 145 147 148 149 150 152 156 157 158 159 160 161 163 164 165 169 170 171 172 173 174 180 182 183 185 189 192 194 195 196 197 207 208 211 213 214 225 228 231 233 234 237 246 250 253 254 255 263 264 266 271 272 273 274 275 276 277 278 280 281 282 283 284 292 293 294 296 297 303 309 311 312 315 317 318 319 320 321 322 323 324 325 326 327 328 329 330 331 332 333 336 338 340 349 350 352 354 355 357 358 363 364 366 367 368 377 378 381 383 384 387 392 394 395 398 409 411 414 416 422 426 431 432 440 446 447 449 456 457 461 462 465 469 470 471 473 475 482 493 496 498 499 504 510 511 516 529 534 539 542 544 548 550 554 576 577 579 582 597 0
Daler Kurbanov
83787
1 2 3 4 5 6 7 8 9 10 11 12 13 14 15 16 17 18 19 21 22 23 25 26 27 28 29 31 33 34 35 36 39 40 41 42 43 44 45 46 47 48 51 52 53 54 56 58 59 60 61 62 63 64 65 66 68 69 71 72 75 79 81 82 84 85 86 88 91 92 93 94 95 98 101 102 103 106 108 114 118 119 120 121 122 123 124 125 126 127 128 129 130 131 132 133 135 138 140 141 144 145 147 148 149 150 153 154 156 157 159 163 164 168 173 178 179 185 192 195 204 213 224 231 233 234 253 254 260 263 264 270 271 272 273 274 276 277 278 281 283 284 287 290 292 293 294 296 297 298 303 312 313 315 317 320 321 322 323 324 325 326 327 328 329 330 331 333 336 340 346 347 348 349 350 352 354 355 357 365 367 372 381 383 387 388 392 394 395 396 398 409 411 413 416 420 426 431 439 440 446 447 450 456 457 461 465 469 472 475 477 482 485 490 491 493 496 498 499 501 504 510 511 513 514 515 516 519 521 525 528 529 530 534 539 542 544 550 554 574 576 577 579 580 597 600 0
Saidolda Boian
83782
1 2 3 4 5 6 7 8 9 10 11 12 13 14 15 16 17 18 19 20 21 22 23 25 26 27 28 29 30 31 32 33 34 35 36 39 40 41 43 44 45 46 47 48 49 50 51 52 53 56 58 59 60 61 62 63 64 65 66 68 71 72 73 76 79 80 81 82 84 85 86 88 89 91 92 93 94 95 96 98 102 103 106 108 114 118 119 120 121 122 123 124 125 126 127 128 129 131 132 135 141 143 144 147 148 149 150 153 157 159 163 164 165 167 168 171 178 185 192 195 196 203 207 208 213 224 231 233 234 235 253 254 255 263 264 265 270 271 272 273 274 276 277 278 280 283 284 287 290 292 293 294 296 297 298 303 309 312 313 315 317 318 322 323 324 325 326 327 328 330 331 333 336 338 340 346 347 348 349 350 352 354 355 357 365 366 368 370 381 383 387 388 392 394 395 396 398 409 416 422 426 432 439 440 446 447 456 457 458 461 475 482 490 491 493 496 498 499 504 511 513 514 515 516 519 521 529 530 534 539 542 544 550 554 574 576 577 579 597 600 0
Hanako Ikezawa
99377
1 2 3 4 5 6 7 8 9 10 13 14 15 19 21 22 23 25 26 28 30 33 34 35 36 39 40 41 42 43 44 46 47 48 51 52 53 54 56 58 59 60 61 62 63 64 66 68 73 79 81 82 85 86 88 91 92 93 94 95 98 103 106 108 114 118 119 120 124 125 131 132 135 143 147 148 149 159 163 164 167 168 173 179 185 195 196 203 207 208 213 231 233 234 235 241 250 252 253 254 263 264 271 272 273 274 276 277 278 283 284 287 290 292 293 294 296 297 303 309 312 313 315 317 318 322 323 324 326 327 328 330 331 333 336 339 340 347 349 350 352 354 357 376 383 387 388 392 395 398 409 411 416 417 420 439 440 446 456 457 458 462 475 477 482 485 490 491 493 496 498 499 504 511 513 514 516 519 521 522 528 529 530 534 539 542 543 546 550 554 574 576 577 579 588 597 600 0
Askhat Zhalgasov
99379
1 2 3 4 5 6 7 8 9 10 11 13 14 15 16 21 22 23 25 26 28 29 33 35 36 39 40 43 44 46 47 48 51 52 53 54 59 61 62 63 66 68 71 72 79 81 85 86 92 94 95 98 101 102 103 106 108 118 119 120 122 124 125 127 128 131 132 135 141 144 147 148 149 150 153 154 157 159 163 167 182 192 195 225 233 234 254 263 264 271 272 273 274 276 277 281 283 284 293 294 296 297 298 312 317 320 323 324 327 328 329 331 333 336 340 346 349 350 352 354 355 357 365 372 381 383 385 387 388 392 394 398 409 411 416 426 431 439 440 446 456 457 461 465 493 496 498 499 504 511 513 514 515 521 525 526 528 529 530 534 539 542 550 554 574 576 577 579 597 0
Rustembek Tatlymuratov
93034
1 2 3 4 5 6 7 8 9 10 11 13 14 15 19 21 22 23 25 26 28 29 33 35 36 41 43 44 46 47 48 51 52 54 56 58 59 61 62 63 64 66 68 71 72 79 81 85 86 92 93 94 95 96 98 103 106 108 118 119 120 122 124 125 126 127 128 130 131 132 135 141 147 148 149 150 157 159 163 192 195 196 197 224 225 233 234 254 263 264 270 271 272 273 274 278 283 284 293 294 296 297 312 314 315 317 320 322 323 324 326 327 328 329 330 331 333 336 340 347 349 350 354 355 357 365 368 381 383 387 392 409 416 426 431 440 446 465 493 496 499 504 511 513 514 516 521 525 529 530 534 539 544 550 554 574 576 579 597 0
Musin Nurlybek
93837
1 2 3 4 5 6 7 8 9 10 13 14 15 16 21 22 23 25 26 28 29 33 35 36 39 41 43 44 46 47 48 51 52 61 62 63 66 68 72 79 81 85 86 92 93 94 103 106 108 114 118 119 120 122 124 125 127 131 132 135 147 148 149 154 163 195 233 234 263 264 271 272 273 276 278 284 293 294 296 297 312 317 320 324 327 336 340 350 355 357 365 387 398 409 416 446 493 496 499 504 511 513 514 529 534 539 544 550 554 574 579 597 0
